Effect														
)														
	(1)	(2)	(3)	(4)	(5)	(6)	(7)	(8)	(9)	(10)	(11)	(12)	(13)	(14)
	mortality		mortality		mortality		mortality		mortality		mortality		mortality	
VARIABLES	coef	se	coef	se	coef	se	coef	se	coef	se	coef	se	coef	se
														
mortality	.	[.]	.	[.]	.	[.]	.	[.]	.	[.]	.	[.]	.	[.]
avtemp15001600	0.55	[0.95]	0.55	[0.95]	0.55	[0.95]	0.55	[0.95]	0.55	[0.95]	0.55	[0.95]	0.55	[0.95]
elevation	0.00	[0.01]	0.00	[0.01]	0.00	[0.01]	0.00	[0.01]	0.00	[0.01]	0.00	[0.01]	0.00	[0.01]
cerealclosest	2.11	[1.77]	2.11	[1.77]	2.11	[1.77]	2.11	[1.77]	2.11	[1.77]	2.11	[1.77]	2.11	[1.77]
potatolowclosest	-1.05	[2.03]	-1.05	[2.03]	-1.05	[2.03]	-1.05	[2.03]	-1.05	[2.03]	-1.05	[2.03]	-1.05	[2.03]
pastoral_weak_closest	1.30	[4.55]	1.30	[4.55]	1.30	[4.55]	1.30	[4.55]	1.30	[4.55]	1.30	[4.55]	1.30	[4.55]
dist2AMNB_10	4.08	[3.86]	4.08	[3.86]	4.08	[3.86]	4.08	[3.86]	4.08	[3.86]	4.08	[3.86]	4.08	[3.86]
rivers_10	-4.81	[3.25]	-4.81	[3.25]	-4.81	[3.25]	-4.81	[3.25]	-4.81	[3.25]	-4.81	[3.25]	-4.81	[3.25]
longitude	0.09	[0.32]	0.09	[0.32]	0.09	[0.32]	0.09	[0.32]	0.09	[0.32]	0.09	[0.32]	0.09	[0.32]
latitude	-0.61	[0.55]	-0.61	[0.55]	-0.61	[0.55]	-0.61	[0.55]	-0.61	[0.55]	-0.61	[0.55]	-0.61	[0.55]
lpop1300	-2.02	[1.90]	-2.02	[1.90]	-2.02	[1.90]	-2.02	[1.90]	-2.02	[1.90]	-2.02	[1.90]	-2.02	[1.90]
lma1300_speed2_38	-0.34	[0.82]	-0.34	[0.82]	-0.34	[0.82]	-0.34	[0.82]	-0.34	[0.82]	-0.34	[0.82]	-0.34	[0.82]
DMajorRomRoad_10	-1.99	[6.04]	-1.99	[6.04]	-1.99	[6.04]	-1.99	[6.04]	-1.99	[6.04]	-1.99	[6.04]	-1.99	[6.04]
DAnyRomRoad_10	4.73	[6.65]	4.73	[6.65]	4.73	[6.65]	4.73	[6.65]	4.73	[6.65]	4.73	[6.65]	4.73	[6.65]
DMajRomIntersection_10	5.56	[4.09]	5.56	[4.09]	5.56	[4.09]	5.56	[4.09]	5.56	[4.09]	5.56	[4.09]	5.56	[4.09]
DAnyRmRdIntersection_10	-1.44	[4.50]	-1.44	[4.50]	-1.44	[4.50]	-1.44	[4.50]	-1.44	[4.50]	-1.44	[4.50]	-1.44	[4.50]
dist2landroute_10	2.40	[3.07]	2.40	[3.07]	2.40	[3.07]	2.40	[3.07]	2.40	[3.07]	2.40	[3.07]	2.40	[3.07]
dist2landrouteint_10	-6.25	[4.99]	-6.25	[4.99]	-6.25	[4.99]	-6.25	[4.99]	-6.25	[4.99]	-6.25	[4.99]	-6.25	[4.99]
fair_all	-2.89	[4.06]	-2.89	[4.06]	-2.89	[4.06]	-2.89	[4.06]	-2.89	[4.06]	-2.89	[4.06]	-2.89	[4.06]
HansaFixed	4.44	[5.97]	4.44	[5.97]	4.44	[5.97]	4.44	[5.97]	4.44	[5.97]	4.44	[5.97]	4.44	[5.97]
aqueduct_10	-0.10	[3.86]	-0.10	[3.86]	-0.10	[3.86]	-0.10	[3.86]	-0.10	[3.86]	-0.10	[3.86]	-0.10	[3.86]
university	5.82	[4.52]	5.82	[4.52]	5.82	[4.52]	5.82	[4.52]	5.82	[4.52]	5.82	[4.52]	5.82	[4.52]
monarchy1300	2.60	[4.58]	2.60	[4.58]	2.60	[4.58]	2.60	[4.58]	2.60	[4.58]	2.60	[4.58]	2.60	[4.58]
Bcapital	1.49	[4.78]	1.49	[4.78]	1.49	[4.78]	1.49	[4.78]	1.49	[4.78]	1.49	[4.78]	1.49	[4.78]
representative1300	0.34	[3.88]	0.34	[3.88]	0.34	[3.88]	0.34	[3.88]	0.34	[3.88]	0.34	[3.88]	0.34	[3.88]
parliament1300_yn	-0.11	[4.13]	-0.11	[4.13]	-0.11	[4.13]	-0.11	[4.13]	-0.11	[4.13]	-0.11	[4.13]	-0.11	[4.13]
lDParliament	0.06	[0.45]	0.06	[0.45]	0.06	[0.45]	0.06	[0.45]	0.06	[0.45]	0.06	[0.45]	0.06	[0.45]
dist2bat13001350_100	-2.49	[2.95]	-2.49	[2.95]	-2.49	[2.95]	-2.49	[2.95]	-2.49	[2.95]	-2.49	[2.95]	-2.49	[2.95]
														
														
Observations	165		165		165		165		165		165		165	
R-squared	0.23		0.23		0.23		0.23		0.23		0.23		0.23	
Robust standard errors clustered at the district level in parentheses														
* significant at 10%; ** significant at 5%; *** significant at 1%														
